0 1433.5957591337317
1 265.0351350672105
2 245.89541015625
3 235.31636962890624
4 228.21070413028494
5 227.69360459271599
6 214.86365859087775
7 210.75299790326287
8 211.72487128762637
9 207.1674212287454
10 210.7081979190602
11 204.59942573098576
12 198.36700241986443
13 198.67077959846048
14 209.7989875344669
15 195.72430204503675
16 192.67246327119716
17 191.60028282614314
18 201.71451200597426
19 191.39928265739889
20 188.02392596076515
21 186.55394340963926
22 186.49820655373966
23 183.8504524679745
24 211.09526977539062
25 187.23146075080422
26 196.87473054773668
27 182.05901776482077
28 184.73343128877528
29 180.52372499353746
30 184.47483125574448
