0 3026.4827791539633
1 378.67628218487994
2 262.2424535983946
3 241.28543872368044
4 210.55686094702745
5 202.80198632217036
6 197.34126951636338
7 218.48825408191215
8 196.23719675947982
9 192.74819276391005
10 179.89079303276247
11 178.20084157804163
12 172.95549755561643
13 182.8833175287014
14 167.1205141020984
15 173.12627038723085
16 164.83881173482754
17 160.64167450695504
18 158.5614439801472
19 156.6188594538991
20 166.10657724520055
21 156.16506362542873
22 151.28319623993664
23 152.4395809638791
24 155.36746755460413
25 151.64433251357661
26 151.0248597307903
27 144.79059433355565
28 143.82649696164015
29 143.13627996677306
30 138.92174548637576
