0 1154.3341868330792
1 236.63154750917016
2 229.96008784596512
3 225.3386855706936
4 217.2051942406631
5 213.83626854128954
6 207.54142426281442
7 203.17602985661205
8 198.10987258538967
9 195.94660912490474
10 189.02911637469035
11 186.72928433301973
12 186.01752602181784
13 178.81740477026963
14 182.05230173250524
15 172.39398546916684
16 168.09036850347752
17 163.82680697557402
18 164.73655030785537
19 159.28473700546635
20 162.45081013004955
21 152.84047661758052
22 151.12403906845464
23 155.56311853920542
24 147.66772256246426
25 151.29161778891958
26 153.2380912594679
27 141.08046331638243
28 139.6806808099514
29 138.4971923828125
30 138.17995973912682
