0 1404.6924185403964
1 249.24679974811832
2 244.43314603479897
3 240.05787435392054
4 238.7481239132765
5 235.84770612018863
6 232.14102582233707
7 230.2001045040968
8 228.0186082793445
9 225.51689036299544
10 223.20174166051353
11 221.84403359017722
12 217.54874475990854
13 215.34002648330318
14 213.8972394989758
15 209.85938728146436
16 208.15812236506764
17 205.81737015887003
18 201.89905864436452
19 199.95739541402676
20 196.6294403076172
21 192.61434824873763
22 191.26178294856373
23 185.66766376030154
24 183.11056890720275
25 178.97127142185118
26 176.69978518602323
27 172.49762874696313
28 168.53910250780058
29 166.93679493229564
30 163.83845761927162
