0 1305.8946533203125
1 258.1280185475069
2 243.4228167365579
3 235.62413617302389
4 230.30661836511948
5 229.48640567555148
6 223.96595369226793
7 223.24088278377758
8 219.61072854434744
9 218.37732364430147
10 215.33178010828354
11 213.89427167107078
12 211.98093961827894
13 213.2899221981273
14 209.08855734432444
15 207.69212556726794
16 209.0702838673311
17 204.1112487792969
18 202.34643231560202
19 203.56685001148898
20 198.39489620433133
21 196.50111586626838
22 197.40239966897403
23 192.986184871898
24 192.98420607622933
25 189.27011530259077
26 188.81555813060086
27 187.5588836669922
28 184.32819276697495
29 182.54985028435203
30 183.41867550120634
