0 1894.6615421070771
1 261.3056917078355
2 257.4427001953125
3 254.85167092715992
4 251.9448319379021
5 250.1424206901999
6 248.28519233254826
7 246.745043406767
8 245.59734712488512
9 243.47987329819622
10 242.38879430434284
11 241.39687284581802
12 240.76151069192326
13 240.09898125143613
14 238.7614184211282
15 238.21403736787684
16 237.31260735006893
17 236.81870889102711
18 237.1935401467716
19 235.8380376479205
20 235.0244837143842
21 234.47466107536764
22 233.81194996553307
23 233.2175142176011
24 233.04749091653264
25 232.13610157686122
26 232.18034551283893
27 231.22131491268382
28 230.68333758185892
29 230.68288897346048
30 230.4690253762638
