0 1746.4129107306985
1 261.0220893411075
2 254.47302964154412
3 248.58621736414293
4 242.91820265826058
5 236.51461558622472
6 232.82947710822611
7 227.8699213364545
8 225.42694612390855
9 220.57545112161074
10 215.90675318100872
11 212.43960409725415
12 207.61808444752413
13 203.20963242474724
14 199.14014084759881
15 194.65840498980353
16 190.21450832591339
17 186.38843895407285
18 183.80121666403377
19 179.9434949089499
20 177.50305014217602
21 174.978601882037
22 173.87183209587545
23 170.45873691334444
24 168.66286980124082
25 166.46499992819395
26 164.59274821561925
27 164.9181780646829
28 162.11278183880975
29 160.04376678466798
30 162.24198177562042
