0 1615.2268052045038
1 628.624564855239
2 412.3813383214614
3 308.36565551757815
4 266.7368646958295
5 250.16732895795036
6 242.8641269459444
7 239.85431069766773
8 237.6981461468865
9 234.3560999253217
10 233.49104811724496
11 231.0969321755802
12 229.33709878360523
13 229.94706295237822
14 226.89531339757582
15 225.73754900764015
16 224.9513329001034
17 224.40432236615348
18 221.9661335664637
19 221.147756060432
20 219.84511126349955
21 219.83339125689338
22 218.57463630227483
23 216.71450015797333
24 215.9609317555147
25 214.98488213034238
26 214.49334644990807
27 213.32682710535386
28 213.87575019387637
29 211.89735071518842
30 211.0087089987362
