0 18.71624383365407
1 2.1782302912543803
2 0.7283332179574405
3 0.2714044798822964
4 0.1780796561171027
5 0.14867019074804644
6 0.13366781508221345
7 0.12395911137847339
8 0.11645193573306589
9 0.11024241894483566
10 0.10477595267926945
11 0.0998980857870158
12 0.09545877751182108
13 0.09137147445889081
14 0.08761518496800871
15 0.08410044049515444
16 0.08084858182598563
17 0.07780313746017568
18 0.07495178891455426
19 0.0722648255965289
20 0.06973310029681991
21 0.06734636728377903
22 0.0650966788039488
23 0.0629715296713745
24 0.06094862397979287
25 0.0590458503102555
26 0.05724096793462249
27 0.05553359213997336
28 0.05391745803987279
29 0.05238392953487003
30 0.050933331514106076
