0 2105.56716632843
1 366.0200618505478
2 292.36642050743103
3 260.23799979686737
4 247.5332407951355
5 240.79883539676666
6 237.57830774784088
7 235.81570410728455
8 233.31084883213043
9 232.36940968036652
10 231.64813458919525
11 230.37959384918213
12 229.3041958808899
13 228.464946269989
14 227.91154754161835
15 227.17565596103668
16 226.91512513160706
17 226.10581600666046
18 224.52524423599243
19 224.20336866378784
20 223.82711136341095
21 222.05540132522583
22 222.28200894594193
23 221.85219156742096
24 219.81992268562317
25 219.90674197673798
26 219.4532642364502
27 218.20756477117538
28 217.8890472650528
29 217.23103201389313
30 216.8755660057068
