0 1231.8904598460479
1 292.16531659294577
2 258.7264696906595
3 231.30415703268613
4 206.16151015337775
5 191.0636764526367
6 176.58175111658434
7 167.7818437464097
8 164.12628748276654
9 149.15844035429114
10 144.70399555879482
11 124.99777652516084
12 125.63812875186696
13 118.54889705882353
14 125.53358630012063
15 110.68001143511604
16 110.68017631979549
17 104.64002923404469
18 107.22879032808191
19 101.2932949739344
20 102.26992824778837
21 99.75942463594325
22 94.23736940271714
23 96.66323955760282
24 91.92874006383559
25 94.94352170158835
26 92.57836016486672
27 91.84530285105986
28 102.94369381175322
29 94.63892665189856
30 89.19821436264935
