0 1318.6738939285278
1 260.4239869117737
2 228.82743847370148
3 216.95370864868164
4 207.5021994113922
5 202.30314272642136
6 201.24546790122986
7 193.15803176164627
8 187.40311193466187
9 184.09925711154938
10 186.0009793639183
11 180.56680113077164
12 172.29266035556793
13 168.09837985038757
14 165.15101313591003
15 171.20238089561462
16 161.12573546171188
17 157.51830345392227
18 155.32419753074646
19 153.70707869529724
20 152.58166432380676
21 152.67496120929718
22 158.8913003206253
23 147.84865617752075
24 145.2844666838646
25 146.93168550729752
26 145.20833951234818
27 141.85717678070068
28 140.94220781326294
29 142.5032811164856
30 139.8281642794609
