0 2609.4872153677593
1 378.0262220429211
2 349.9878473049257
3 384.3484281214272
4 348.82249115734567
5 278.70267691263336
6 266.6974937625048
7 303.65381789788967
8 212.26605801466036
9 217.56956221417684
10 223.10933592261338
11 206.99112664199458
12 201.52289637123667
13 207.74518603813357
14 217.34149467654345
15 223.29858175138148
16 207.16302453017818
17 210.90955036442455
18 195.5165583912919
19 196.59524684999047
20 189.0623809070122
21 197.23962848942455
22 187.0457847409132
23 201.64045082650534
24 199.69735457257528
25 198.4716716859399
26 192.71055342511434
27 185.57168132502858
28 182.96527322908727
29 198.70152580447314
30 189.82146286382908
