0 1670.5217960133273
1 350.0484479118796
2 320.245727000517
3 297.73329772949216
4 281.79742862477025
5 271.04791529038374
6 262.8760844511144
7 256.36461343204274
8 252.1028438792509
9 249.43437625660616
10 246.59929522346047
11 244.56886453067554
12 243.22969521915212
13 241.88419297162224
14 240.79781242819394
15 240.19583632525277
16 238.89780614516314
17 238.90967227711397
18 237.43447804170495
19 236.63199157714843
20 236.03786136402803
21 235.27253130744486
22 234.77619198069854
23 234.14571676815257
24 233.70167128619025
25 233.14279874913834
26 232.89465296128216
27 232.15745705997242
28 231.87799960865695
29 231.3569818833295
30 231.00815052705653
