0 9.377571420108572
1 0.15691469039987116
2 0.124658524814774
3 0.11045327063869027
4 0.10321221386685091
5 0.09867208214367137
6 0.09526501771281748
7 0.09242189780754202
8 0.08992526671465706
9 0.08765835415791062
10 0.08557142659145243
11 0.08363621795878691
12 0.08183993061675746
13 0.08016306429224855
14 0.0786005416775451
15 0.07712037322275779
16 0.07574223648099339
17 0.07442939215723206
18 0.07319357706343427
19 0.07202987394788686
20 0.07093721466029392
21 0.06988323896246798
22 0.06890056773143656
23 0.0679477143813582
24 0.06704154733349295
25 0.06617740870398633
26 0.06534640039591229
27 0.06454940504010986
28 0.06379178937743692
29 0.06306008192546228
30 0.06235920059330323
