0 1601.8902774586397
1 258.0108902875115
2 253.44224548339844
3 250.37922111960017
4 247.5026376163258
5 245.26655399098115
6 243.0067720301011
7 241.48348388671874
8 239.3471393360811
9 237.7860128963695
10 236.4465752096737
11 234.88718925924863
12 234.00165477079503
13 232.04573346306296
14 230.8853978774127
15 229.56461630428538
16 228.28064090504367
17 227.35299413344438
18 225.99535163430608
19 224.93837405934053
20 223.8488961612477
21 222.93886548210594
22 221.58936516256892
23 220.50297205307905
24 219.4388968075023
25 218.51207634420956
26 217.54797273523667
27 216.37855224609376
28 215.7893735997817
29 214.39654953900506
30 213.48517420151654
