0 1788.8573694229126
1 308.41035091876984
2 253.46748912334442
3 228.20414006710052
4 222.09314060211182
5 218.85319435596466
6 221.30187165737152
7 217.01896595954895
8 208.53648787736893
9 220.26252019405365
10 204.22075510025024
11 201.71761202812195
12 200.41271501779556
13 212.2452517747879
14 209.12135815620422
15 205.30937272310257
16 193.51086795330048
17 192.31668919324875
18 193.0001620054245
19 189.55265605449677
20 188.15707623958588
21 182.6592908501625
22 172.94361555576324
23 148.30573624372482
24 145.06616151332855
25 137.91539180278778
26 133.0856060385704
27 126.83008593320847
28 125.9527285695076
29 161.24811226129532
30 119.54031133651733
