0 2194.686367034912
1 252.46833968162537
2 240.9709483385086
3 231.9879425764084
4 223.4700883626938
5 215.99350106716156
6 211.07815539836884
7 207.11836338043213
8 205.15793788433075
9 197.4018578529358
10 194.33204466104507
11 191.01330840587616
12 187.73308849334717
13 185.86696130037308
14 188.55232906341553
15 185.38489264249802
16 176.14793968200684
17 177.16200304031372
18 166.03682428598404
19 176.19482332468033
20 157.54677891731262
21 174.79150038957596
22 147.55779248476028
23 151.0452482700348
24 140.4220165014267
25 140.86993598937988
26 152.4047669172287
27 137.2315148115158
28 179.5303893685341
29 136.421326816082
30 128.4235017299652
31 125.89247524738312
32 134.4132805466652
33 123.6886619925499
34 123.13926351070404
35 128.08667016029358
36 120.79932355880737
37 127.25122052431107
38 125.06077790260315
39 118.73512142896652
40 118.7846822142601
