0 3699.7619986185214
1 241.3678719125143
2 228.71311355218654
3 211.4308996433165
4 199.46304284072505
5 188.52111648931736
6 185.3827618854802
7 168.53196716308594
8 167.79233662675065
9 183.0953285403368
10 152.73668168230753
11 150.56807615698838
12 145.9649200439453
13 155.0666756978849
14 145.4001012662562
15 137.57524406619189
16 136.59754925239378
17 133.79517531976467
18 135.59804869861136
19 140.0260125136957
20 132.7544029049757
21 137.6397734851372
22 122.93849963676638
23 121.4935555806974
24 124.56581450671685
25 119.94136884735852
26 124.40305793576124
27 115.44176483154297
28 114.66750838116901
29 115.20109502280631
30 118.15871466659918
