0 1935.4905166625977
1 465.0633924007416
2 381.0872278213501
3 323.44825768470764
4 286.57548463344574
5 263.49236381053925
6 249.36994457244873
7 239.92912137508392
8 233.73932588100433
9 228.8659816980362
10 225.07893908023834
11 221.01399874687195
12 218.04301238059998
13 215.3805469274521
14 216.37118303775787
15 213.65339314937592
16 209.02677583694458
17 207.5702347755432
18 204.41103929281235
19 201.99657201766968
20 200.2992776632309
21 198.4054338335991
22 196.45331794023514
23 195.98312437534332
24 192.57917600870132
25 192.07144582271576
26 188.84900045394897
27 187.9391440153122
28 186.6919338107109
29 185.38046181201935
30 183.9145234823227
